-0.35009765625 0.488525390625 0.75439453125
-0.357177734375 0.491455078125 0.80078125
-0.338134765625 0.50537109375 0.810546875
-0.334228515625 0.496826171875 0.791015625
-0.332275390625 0.5185546875 0.783447265625
-0.327392578125 0.486328125 0.764892578125
-0.330322265625 0.51513671875 0.76171875
-0.32080078125 0.519287109375 0.76171875
-0.32177734375 0.509033203125 0.78076171875
-0.3330078125 0.515625 0.7783203125
-0.333740234375 0.52490234375 0.7939453125
-0.33056640625 0.510498046875 0.79150390625
-0.3564453125 0.508544921875 0.818603515625
-0.357177734375 0.50341796875 0.78857421875
-0.36865234375 0.498046875 0.795166015625
Averages:
-0.339453125 0.506103515625 0.785026041667